#N canvas 1321 398 1770 1176 12;
#N canvas 0 50 450 250 (subpatch) 0;
#X array waveA 515 float 3;
#A 0 0 0.0122715 0.0245412 0.0368072 0.0490677 0.0613207 0.0735646 0.0857973 0.0980171 0.110222 0.122411 0.134581 0.14673 0.158858 0.170962 0.18304 0.19509 0.207111 0.219101 0.231058 0.24298 0.254866 0.266713 0.27852 0.290285 0.302006 0.313682 0.32531 0.33689 0.348419 0.359895 0.371317 0.382683 0.393992 0.405241 0.41643 0.427555 0.438616 0.449611 0.460539 0.471397 0.482184 0.492898 0.503538 0.514103 0.52459 0.534998 0.545325 0.55557 0.565732 0.575808 0.585798 0.595699 0.605511 0.615232 0.62486 0.634393 0.643832 0.653173 0.662416 0.671559 0.680601 0.689541 0.698376 0.707107 0.715731 0.724247 0.732654 0.740951 0.749136 0.757209 0.765167 0.77301 0.780737 0.788346 0.795837 0.803208 0.810457 0.817585 0.824589 0.83147 0.838225 0.844854 0.851355 0.857729 0.863973 0.870087 0.87607 0.881921 0.88764 0.893224 0.898674 0.903989 0.909168 0.91421 0.919114 0.92388 0.928506 0.932993 0.937339 0.941544 0.945607 0.949528 0.953306 0.95694 0.960431 0.963776 0.966976 0.970031 0.97294 0.975702 0.978317 0.980785 0.983105 0.985278 0.987301 0.989177 0.990903 0.99248 0.993907 0.995185 0.996313 0.99729 0.998118 0.998795 0.999322 0.999699 0.999925 1 0.999925 0.999699 0.999322 0.998795 0.998118 0.99729 0.996313 0.995185 0.993907 0.99248 0.990903 0.989177 0.987301 0.985278 0.983105 0.980785 0.978317 0.975702 0.97294 0.970031 0.966976 0.963776 0.960431 0.95694 0.953306 0.949528 0.945607 0.941544 0.937339 0.932993 0.928506 0.92388 0.919114 0.91421 0.909168 0.903989 0.898674 0.893224 0.88764 0.881921 0.87607 0.870087 0.863973 0.857729 0.851355 0.844854 0.838225 0.83147 0.824589 0.817585 0.810457 0.803208 0.795837 0.788346 0.780737 0.77301 0.765167 0.757209 0.749136 0.740951 0.732654 0.724247 0.715731 0.707107 0.698376 0.689541 0.680601 0.671559 0.662416 0.653173 0.643832 0.634393 0.62486 0.615232 0.605511 0.595699 0.585798 0.575808 0.565732 0.55557 0.545325 0.534998 0.52459 0.514103 0.503538 0.492898 0.482184 0.471397 0.460539 0.449611 0.438616 0.427555 0.41643 0.405241 0.393992 0.382683 0.371317 0.359895 0.348419 0.33689 0.32531 0.313682 0.302006 0.290285 0.27852 0.266713 0.254866 0.24298 0.231058 0.219101 0.207111 0.19509 0.18304 0.170962 0.158858 0.14673 0.134581 0.122411 0.110222 0.0980171 0.0857973 0.0735646 0.0613207 0.0490677 0.0368072 0.0245412 0.0122715 1.22461e-16 -0.0122715 -0.0245412 -0.0368072 -0.0490677 -0.0613207 -0.0735646 -0.0857973 -0.0980171 -0.110222 -0.122411 -0.134581 -0.14673 -0.158858 -0.170962 -0.18304 -0.19509 -0.207111 -0.219101 -0.231058 -0.24298 -0.254866 -0.266713 -0.27852 -0.290285 -0.302006 -0.313682 -0.32531 -0.33689 -0.348419 -0.359895 -0.371317 -0.382683 -0.393992 -0.405241 -0.41643 -0.427555 -0.438616 -0.449611 -0.460539 -0.471397 -0.482184 -0.492898 -0.503538 -0.514103 -0.52459 -0.534998 -0.545325 -0.55557 -0.565732 -0.575808 -0.585798 -0.595699 -0.605511 -0.615232 -0.62486 -0.634393 -0.643832 -0.653173 -0.662416 -0.671559 -0.680601 -0.689541 -0.698376 -0.707107 -0.715731 -0.724247 -0.732654 -0.740951 -0.749136 -0.757209 -0.765167 -0.77301 -0.780737 -0.788346 -0.795837 -0.803208 -0.810457 -0.817585 -0.824589 -0.83147 -0.838225 -0.844854 -0.851355 -0.857729 -0.863973 -0.870087 -0.87607 -0.881921 -0.88764 -0.893224 -0.898674 -0.903989 -0.909168 -0.91421 -0.919114 -0.92388 -0.928506 -0.932993 -0.937339 -0.941544 -0.945607 -0.949528 -0.953306 -0.95694 -0.960431 -0.963776 -0.966976 -0.970031 -0.97294 -0.975702 -0.978317 -0.980785 -0.983105 -0.985278 -0.987301 -0.989177 -0.990903 -0.99248 -0.993907 -0.995185 -0.996313 -0.99729 -0.998118 -0.998795 -0.999322 -0.999699 -0.999925 -1 -0.999925 -0.999699 -0.999322 -0.998795 -0.998118 -0.99729 -0.996313 -0.995185 -0.993907 -0.99248 -0.990903 -0.989177 -0.987301 -0.985278 -0.983105 -0.980785 -0.978317 -0.975702 -0.97294 -0.970031 -0.966976 -0.963776 -0.960431 -0.95694 -0.953306 -0.949528 -0.945607 -0.941544 -0.937339 -0.932993 -0.928506 -0.92388 -0.919114 -0.91421 -0.909168 -0.903989 -0.898674 -0.893224 -0.88764 -0.881921 -0.87607 -0.870087 -0.863973 -0.857729 -0.851355 -0.844854 -0.838225 -0.83147 -0.824589 -0.817585 -0.810457 -0.803208 -0.795837 -0.788346 -0.780737 -0.77301 -0.765167 -0.757209 -0.749136 -0.740951 -0.732654 -0.724247 -0.715731 -0.707107 -0.698376 -0.689541 -0.680601 -0.671559 -0.662416 -0.653173 -0.643832 -0.634393 -0.62486 -0.615232 -0.605511 -0.595699 -0.585798 -0.575808 -0.565732 -0.55557 -0.545325 -0.534998 -0.52459 -0.514103 -0.503538 -0.492898 -0.482184 -0.471397 -0.460539 -0.449611 -0.438616 -0.427555 -0.41643 -0.405241 -0.393992 -0.382683 -0.371317 -0.359895 -0.348419 -0.33689 -0.32531 -0.313682 -0.302006 -0.290285 -0.27852 -0.266713 -0.254866 -0.24298 -0.231058 -0.219101 -0.207111 -0.19509 -0.18304 -0.170962 -0.158858 -0.14673 -0.134581 -0.122411 -0.110222 -0.0980171 -0.0857973 -0.0735646 -0.0613207 -0.0490677 -0.0368072 -0.0245412 -0.0122715 -2.44921e-16 0.0122715 0.0245412;
#X coords 0 1 515 -1 200 140 1;
#X restore 391 120 graph;
#N canvas 0 50 450 250 (subpatch) 0;
#X array waveB 515 float 3;
#A 0 0 0.0234362 0.0468541 0.0702355 0.0935621 0.116816 0.139979 0.163033 0.18596 0.208742 0.231363 0.253804 0.276048 0.298079 0.319879 0.341433 0.362723 0.383735 0.404452 0.424859 0.444941 0.464683 0.484072 0.503093 0.521733 0.539979 0.557818 0.575238 0.592227 0.608774 0.624868 0.640499 0.655657 0.670332 0.684517 0.698201 0.711379 0.724042 0.736184 0.747798 0.75888 0.769423 0.779424 0.788879 0.797784 0.806137 0.813935 0.821177 0.827862 0.833989 0.839558 0.84457 0.849026 0.852928 0.856279 0.85908 0.861336 0.863051 0.864228 0.864873 0.864992 0.864591 0.863675 0.862252 0.86033 0.857916 0.855019 0.851648 0.847811 0.843519 0.838782 0.83361 0.828014 0.822004 0.815594 0.808794 0.801617 0.794074 0.78618 0.777947 0.769388 0.760516 0.751346 0.741891 0.732165 0.722183 0.711959 0.701507 0.690841 0.679978 0.66893 0.657714 0.646343 0.634833 0.623198 0.611454 0.599614 0.587694 0.575708 0.563671 0.551596 0.539499 0.527393 0.515292 0.50321 0.491161 0.479157 0.467212 0.455339 0.44355 0.431858 0.420274 0.408811 0.397479 0.386291 0.375256 0.364385 0.353688 0.343175 0.332855 0.322737 0.31283 0.303141 0.293678 0.284449 0.275461 0.266719 0.25823 0.25 0.242033 0.234334 0.226908 0.219758 0.212887 0.206299 0.199995 0.193977 0.188248 0.182808 0.177658 0.172797 0.168226 0.163943 0.159949 0.15624 0.152815 0.149671 0.146806 0.144217 0.141899 0.139849 0.138062 0.136534 0.135259 0.134231 0.133446 0.132897 0.132577 0.132479 0.132597 0.132924 0.133451 0.134171 0.135075 0.136156 0.137405 0.138813 0.140372 0.142071 0.143903 0.145858 0.147926 0.150097 0.152363 0.154713 0.157138 0.159627 0.162172 0.164761 0.167386 0.170036 0.172702 0.175373 0.178041 0.180695 0.183327 0.185926 0.188483 0.190989 0.193436 0.195814 0.198115 0.20033 0.202451 0.20447 0.206379 0.20817 0.209837 0.211372 0.212767 0.214018 0.215117 0.216058 0.216836 0.217445 0.217881 0.218139 0.218213 0.218101 0.217799 0.217302 0.216609 0.215716 0.214622 0.213323 0.21182 0.21011 0.208192 0.206067 0.203733 0.201192 0.198443 0.195489 0.192329 0.188966 0.185402 0.181639 0.17768 0.173527 0.169185 0.164656 0.159945 0.155057 0.149995 0.144764 0.13937 0.133819 0.128115 0.122265 0.116276 0.110152 0.103902 0.0975318 0.0910488 0.0844601 0.0777732 0.0709956 0.0641353 0.0571999 0.0501976 0.0431365 0.0360248 0.0288708 0.0216829 0.0144694 0.00723897 7.22518e-17 -0.00723897 -0.0144694 -0.0216829 -0.0288708 -0.0360248 -0.0431365 -0.0501976 -0.0571999 -0.0641353 -0.0709956 -0.0777732 -0.0844601 -0.0910488 -0.0975318 -0.103902 -0.110152 -0.116276 -0.122265 -0.128115 -0.133819 -0.13937 -0.144764 -0.149995 -0.155057 -0.159945 -0.164656 -0.169185 -0.173527 -0.17768 -0.181639 -0.185402 -0.188966 -0.192329 -0.195489 -0.198443 -0.201192 -0.203733 -0.206067 -0.208192 -0.21011 -0.21182 -0.213323 -0.214622 -0.215716 -0.216609 -0.217302 -0.217799 -0.218101 -0.218213 -0.218139 -0.217881 -0.217445 -0.216836 -0.216058 -0.215117 -0.214018 -0.212767 -0.211372 -0.209837 -0.20817 -0.206379 -0.20447 -0.202451 -0.20033 -0.198115 -0.195814 -0.193436 -0.190989 -0.188483 -0.185926 -0.183327 -0.180695 -0.178041 -0.175373 -0.172702 -0.170036 -0.167386 -0.164761 -0.162172 -0.159627 -0.157138 -0.154713 -0.152363 -0.150097 -0.147926 -0.145858 -0.143903 -0.142071 -0.140372 -0.138813 -0.137405 -0.136156 -0.135075 -0.134171 -0.133451 -0.132924 -0.132597 -0.132479 -0.132577 -0.132897 -0.133446 -0.134231 -0.135259 -0.136534 -0.138062 -0.139849 -0.141899 -0.144217 -0.146806 -0.149671 -0.152815 -0.15624 -0.159949 -0.163943 -0.168226 -0.172797 -0.177658 -0.182808 -0.188248 -0.193977 -0.199995 -0.206299 -0.212887 -0.219758 -0.226908 -0.234334 -0.242033 -0.25 -0.25823 -0.266719 -0.275461 -0.284449 -0.293678 -0.303141 -0.31283 -0.322737 -0.332855 -0.343175 -0.353688 -0.364385 -0.375256 -0.386291 -0.397479 -0.408811 -0.420274 -0.431858 -0.44355 -0.455339 -0.467212 -0.479157 -0.491161 -0.50321 -0.515292 -0.527393 -0.539499 -0.551596 -0.563671 -0.575708 -0.587694 -0.599614 -0.611454 -0.623198 -0.634833 -0.646343 -0.657714 -0.66893 -0.679978 -0.690841 -0.701507 -0.711959 -0.722183 -0.732165 -0.741891 -0.751346 -0.760516 -0.769388 -0.777947 -0.78618 -0.794074 -0.801617 -0.808794 -0.815594 -0.822004 -0.828014 -0.83361 -0.838782 -0.843519 -0.847811 -0.851648 -0.855019 -0.857916 -0.86033 -0.862252 -0.863675 -0.864591 -0.864992 -0.864873 -0.864228 -0.863051 -0.861336 -0.85908 -0.856279 -0.852928 -0.849026 -0.84457 -0.839558 -0.833989 -0.827862 -0.821177 -0.813935 -0.806137 -0.797784 -0.788879 -0.779424 -0.769423 -0.75888 -0.747798 -0.736184 -0.724042 -0.711379 -0.698201 -0.684517 -0.670332 -0.655657 -0.640499 -0.624868 -0.608774 -0.592227 -0.575238 -0.557818 -0.539979 -0.521733 -0.503093 -0.484072 -0.464683 -0.444941 -0.424859 -0.404452 -0.383735 -0.362723 -0.341433 -0.319879 -0.298079 -0.276048 -0.253804 -0.231363 -0.208742 -0.18596 -0.163033 -0.139979 -0.116816 -0.0935621 -0.0702355 -0.0468541 -0.0234362 -4.678e-16 0.0234362 0.0468541;
#X coords 0 1 515 -1 200 140 1 0 0;
#X restore 617 120 graph;
#X msg 75 40 \; waveA sinesum 512 1 \; waveB sinesum 512 0.5 0.33 0.25;
#X obj 70 299 tabread4~ waveA;
#X obj 193 298 tabread4~ waveB;
#X obj 70 214 phasor~;
#X obj 70 252 *~ 512;
#X floatatom 70 174 5 0 0 0 - - - 0;
#N canvas 0 50 450 250 (subpatch) 0;
#X array wave_morph 515 float 3;
#A 0 0.0122715 0.0122715 0.0122715 0.0122715 0.0122715 0.0122715 0.0122715 0.0122715 0.0122715 0.0122715 0.0122715 0.0122715 0.0122715 0.0122715 0.0122715 0.0122715 0.0122715 0.0122715 0.0122715 0.0122715 0.0122715 0.0122715 0.0122715 0.0122715 0.0122715 0.0122715 0.0122715 0.0122715 0.0122715 0.0122715 0.0122715 0.0122715 0.0122715 0.0122715 0.0122715 0.0122715 0.0122715 0.0122715 0.0122715 0.0122715 0.0122715 0.0122715 0.0122715 0.0122715 0.0122715 0.0122715 0.0122715 0.0122715 0.0122715 0.0122715 0.0122715 0.0122715 0.0122715 0.0122715 0.0122715 0.0122715 0.0122715 0.0122715 0.0122715 0.0122715 0.0122715 0.0122715 0.0122715 0.0122715 0.0122715 0.0122715 0.0122715 0.0122715 0.0122715 0.0122715 0.0122715 0.0122715 0.0122715 0.0122715 0.0122715 0.0122715 0.0122715 0.0122715 0.0122715 0.0122715 0.0122715 0.0122715 0.0122715 0.0122715 0.0122715 0.0122715 0.0122715 0.0122715 0.0122715 0.0122715 0.0122715 0.0122715 0.0122715 0.0122715 0.0122715 0.0122715 0.0122715 0.0122715 0.0122715 0.0122715 0.0122715 0.0122715 0.0122715 0.0122715 0.0122715 0.0122715 0.0122715 0.0122715 0.0122715 0.0122715 0.0122715 0.0122715 0.0122715 0.0122715 0.0122715 0.0122715 0.0122715 0.0122715 0.0122715 0.0122715 0.0122715 0.0122715 0.0122715 0.0122715 0.0122715 0.0122715 0.0122715 0.0122715 0.0122715 0.0122715 0.0122715 0.0122715 0.0122715 0.0122715 0.0122715 0.0122715 0.0122715 0.0122715 0.0122715 0.0122715 0.0122715 0.0122715 0.0122715 0.0122715 0.0122715 0.0122715 0.0122715 0.0122715 0.0122715 0.0122715 0.0122715 0.0122715 0.0122715 0.0122715 0.0122715 0.0122715 0.0122715 0.0122715 0.0122715 0.0122715 0.0122715 0.0122715 0.0122715 0.0122715 0.0122715 0.0122715 0.0122715 0.0122715 0.0122715 0.0122715 0.0122715 0.0122715 0.0122715 0.0122715 0.0122715 0.0122715 0.0122715 0.0122715 0.0122715 0.0122715 0.0122715 0.0122715 0.0122715 0.0122715 0.0122715 0.0122715 0.0122715 0.0122715 0.0122715 0.0122715 0.0122715 0.0122715 0.0122715 0.0122715 0.0122715 0.0122715 0.0122715 0.0122715 0.0122715 0.0122715 0.0122715 0.0122715 0.0122715 0.0122715 0.0122715 0.0122715 0.0122715 0.0122715 0.0122715 0.0122715 0.0122715 0.0122715 0.0122715 0.0122715 0.0122715 0.0122715 0.0122715 0.0122715 0.0122715 0.0122715 0.0122715 0.0122715 0.0122715 0.0122715 0.0122715 0.0122715 0.0122715 0.0122715 0.0122715 0.0122715 0.0122715 0.0122715 0.0122715 0.0122715 0.0122715 0.0122715 0.0122715 0.0122715 0.0122715 0.0122715 0.0122715 0.0122715 0.0122715 0.0122715 0.0122715 0.0122715 0.0122715 0.0122715 0.0122715 0.0122715 0.0122715 0.0122715 0.0122715 0.0122715 0.0122715 0.0122715 0.0122715 0.0122715 0.0122715 0.0122715 0.0122715 0.0122715 0.0122715 0.0122715 0.0122715 0.0122715 0.0122715 0.0122715 0.0122715 0.0122715 0.0122715 0.0122715 0.0122715 0.0122715 0.0122715 0.0122715 0.0122715 0.0122715 0.0122715 0.0122715 0.0122715 0.0122715 0.0122715 0.0122715 0.0122715 0.0122715 0.0122715 0.0122715 0.0122715 0.0122715 0.0122715 0.0122715 0.0122715 0.0122715 0.0122715 0.0122715 0.0122715 0.0122715 0.0122715 0.0122715 0.0122715 0.0122715 0.0122715 0.0122715 0.0122715 0.0122715 0.0122715 0.0122715 0.0122715 0.0122715 0.0122715 0.0122715 0.0122715 0.0122715 0.0122715 0.0122715 0.0122715 0.0122715 0.0122715 0.0122715 0.0122715 0.0122715 0.0122715 0.0122715 0.0122715 0.0122715 0.0122715 0.0122715 0.0122715 0.0122715 0.0122715 0.0122715 0.0122715 0.0122715 0.0122715 0.0122715 0.0122715 0.0122715 0.0122715 0.0122715 0.0122715 0.0122715 0.0122715 0.0122715 0.0122715 0.0122715 0.0122715 0.0122715 0.0122715 0.0122715 0.0122715 0.0122715 0.0122715 0.0122715 0.0122715 0.0122715 0.0122715 0.0122715 0.0122715 0.0122715 0.0122715 0.0122715 0.0122715 0.0122715 0.0122715 0.0122715 0.0122715 0.0122715 0.0122715 0.0122715 0.0122715 0.0122715 0.0122715 0.0122715 0.0122715 0.0122715 0.0122715 0.0122715 0.0122715 0.0122715 0.0122715 0.0122715 0.0122715 0.0122715 0.0122715 0.0122715 0.0122715 0.0122715 0.0122715 0.0122715 0.0122715 0.0122715 0.0122715 0.0122715 0.0122715 0.0122715 0.0122715 0.0122715 0.0122715 0.0122715 0.0122715 0.0122715 0.0122715 0.0122715 0.0122715 0.0122715 0.0122715 0.0122715 0.0122715 0.0122715 0.0122715 0.0122715 0.0122715 0.0122715 0.0122715 0.0122715 0.0122715 0.0122715 0.0122715 0.0122715 0.0122715 0.0122715 0.0122715 0.0122715 0.0122715 0.0122715 0.0122715 0.0122715 0.0122715 0.0122715 0.0122715 0.0122715 0.0122715 0.0122715 0.0122715 0.0122715 0.0122715 0.0122715 0.0122715 0.0122715 0.0122715 0.0122715 0.0122715 0.0122715 0.0122715 0.0122715 0.0122715 0.0122715 0.0122715 0.0122715 0.0122715 0.0122715 0.0122715 0.0122715 0.0122715 0.0122715 0.0122715 0.0122715 0.0122715 0.0122715 0.0122715 0.0122715 0.0122715 0.0122715 0.0122715 0.0122715 0.0122715 0.0122715 0.0122715 0.0122715 0.0122715 0.0122715 0.0122715 0.0122715 0.0122715 0.0122715 0.0122715 0.0122715 0.0122715 0.0122715 0.0122715 0.0122715 0.0122715 0.0122715 0.0122715 0.0122715 0.0122715 0.0122715 0.0122715 0.0122715 0.0122715 0.0122715 0.0122715 0.0122715 0.0122715 0.0122715 0.0122715 0.0122715 0.0122715 0.0122715 0.0122715 0.0122715 0.0122715 0.0122715 0.0122715 0.0122715 0.0122715 0.0122715 0.0122715 0.0122715 0.0122715 0.0122715 0.0122715 0.0122715 0.0122715;
#X coords 0 1 515 -1 200 140 1 0 0;
#X restore 504 329 graph;
#X obj 69 343 fexpr~ (1 - $f3) * $x1[0] + $f3 * $x2[0];
#X obj 326 297 hsl 145 19 0 1 0 0 empty empty morph -2 -10 0 12 #ffe3c6 #000000 #000000 0 1;
#X obj 256 442 tabwrite~ wave_morph;
#X obj 334 408 metro 100;
#X obj 334 376 tgl 19 0 empty empty empty 0 -10 0 12 #fcfcfc #000000 #000000 0 1;
#X obj 66 441 dac~;
#X obj 71 404 *~;
#X obj 108 404 hsl 145 19 0 1 0 0 empty empty empty -2 -10 0 12 #feffc6 #000000 #000000 0 1;
#X obj 358 377 loadbang;
#X text 139 113 1) choose phasor frequency;
#X text 139 130 2) turn on volume;
#X text 140 148 3) morph!;
#X connect 3 0 9 0;
#X connect 4 0 9 1;
#X connect 5 0 6 0;
#X connect 6 0 3 0;
#X connect 6 0 4 0;
#X connect 7 0 5 0;
#X connect 9 0 11 0;
#X connect 9 0 15 0;
#X connect 10 0 9 2;
#X connect 12 0 11 0;
#X connect 13 0 12 0;
#X connect 15 0 14 0;
#X connect 15 0 14 1;
#X connect 16 0 15 1;
#X connect 17 0 13 0;
